AdjacencyGraph
64
150
0
9
17
19
22
27
31
37
40
45
45
48
51
55
58
60
60
62
65
69
71
75
78
80
81
82
82
86
87
91
94
96
96
100
104
106
110
111
112
115
116
119
119
122
124
125
127
128
130
130
133
136
137
141
141
142
143
144
145
147
148
149
149
150
1
2
8
12
13
32
40
44
50
0
5
17
21
23
33
35
39
0
35
11
18
35
6
12
32
36
60
1
17
32
37
4
7
14
28
34
38
6
26
30
0
10
12
14
40
8
19
26
3
45
47
0
4
8
28
0
40
45
6
8
24
27
1
5
49
3
26
49
58
10
26
21
22
29
52
1
20
49
20
52
1
16
7
10
18
19
16
6
12
29
30
20
28
52
7
28
0
4
5
33
1
32
35
51
6
43
1
2
3
33
4
5
6
47
54
1
0
8
13
50
58
59
34
57
0
11
13
50
11
38
17
18
21
0
42
46
33
20
22
29
55
38
52
62
43
18
42
42
4
56
